name: GAAS
channels:
  - bioconda
  - conda-forge
  - defaults
dependencies:
  - _r-mutex=1.0.1=anacondar_1
  - bwidget=1.9.11=0
  - bzip2=1.0.8=h01d97ff_1
  - ca-certificates=2019.9.11=hecc5488_0
  - cairo=1.14.12=h9d4d9ac_1005
  - cctools=921=h5ba7a2e_2
  - clang=9.0.0=h28b9765_0
  - clang_osx-64=9.0.0=h22b1bf0_0
  - clangxx=9.0.0=0
  - clangxx_osx-64=9.0.0=h22b1bf0_0
  - compiler-rt=9.0.0=hce3ea14_0
  - curl=7.65.3=h22ea746_0
  - fontconfig=2.13.1=h1027ab8_1000
  - freetype=2.10.0=h24853df_1
  - gettext=0.19.8.1=h46ab8bc_1002
  - gfortran_osx-64=4.8.5=h22b1bf0_8
  - glib=2.56.2=h67dad55_1001
  - graphite2=1.3.13=h2098e52_1000
  - harfbuzz=1.9.0=h9889186_1001
  - icu=58.2=h0a44026_1000
  - jpeg=9c=h1de35cc_1001
  - krb5=1.16.3=hcfa6398_1001
  - ld64=409.12=h3c32e8a_2
  - libcurl=7.65.3=h16faf7d_0
  - libcxx=9.0.0=0
  - libcxxabi=9.0.0=0
  - libedit=3.1.20170329=hcfe32e1_1001
  - libffi=3.2.1=1
  - libgfortran=3.0.1=0
  - libiconv=1.15=h01d97ff_1005
  - libllvm9=9.0.0=h770b8ee_2
  - libpng=1.6.37=h2573ce8_0
  - libssh2=1.8.2=hcdc9a53_2
  - libtiff=4.0.10=hd08fb8f_1003
  - libxml2=2.9.9=hd80cff7_2
  - llvm-openmp=9.0.0=h40edb58_0
  - lz4-c=1.8.3=h6de7cb9_1001
  - make=4.2.1=h1de35cc_2004
  - ncurses=6.1=h0a44026_1002
  - openssl=1.1.1c=h01d97ff_0
  - pango=1.40.14=h57a785b_1003
  - pcre=8.41=h0a44026_1003
  - perl=5.26.2=haec8ef5_1006
  - perl-autoloader=5.74=pl526_2
  - perl-base=2.23=pl526_1
  - perl-business-isbn=3.004=pl526_0
  - perl-business-isbn-data=20140910.003=pl526_0
  - perl-carp=1.38=pl526_3
  - perl-clone=0.42=pl526h01d97ff_0
  - perl-common-sense=3.74=pl526_2
  - perl-compress-raw-zlib=2.087=pl526h770b8ee_0
  - perl-constant=1.33=pl526_1
  - perl-data-dumper=2.173=pl526_0
  - perl-digest-hmac=1.03=pl526_3
  - perl-digest-md5=2.55=pl526_0
  - perl-dynaloader=1.25=pl526_1
  - perl-encode=2.88=pl526_1
  - perl-encode-locale=1.05=pl526_6
  - perl-exporter=5.72=pl526_1
  - perl-exporter-tiny=1.002001=pl526_0
  - perl-extutils-makemaker=7.36=pl526_1
  - perl-file-listing=6.04=pl526_1
  - perl-graph=0.9704=pl526_1
  - perl-html-parser=3.72=pl526h04f5b5a_5
  - perl-html-tagset=3.20=pl526_3
  - perl-http-cookies=6.04=pl526_0
  - perl-http-daemon=6.01=pl526_1
  - perl-http-date=6.02=pl526_3
  - perl-http-message=6.18=pl526_0
  - perl-http-negotiate=6.01=pl526_3
  - perl-io-html=1.001=pl526_2
  - perl-io-socket-ssl=2.066=pl526_0
  - perl-io-tty=1.12=pl526_1
  - perl-ipc-run=20180523.0=pl526_0
  - perl-json=4.02=pl526_0
  - perl-json-xs=2.34=pl526h04f5b5a_3
  - perl-libwww-perl=6.39=pl526_0
  - perl-list-moreutils=0.428=pl526_1
  - perl-list-moreutils-xs=0.428=pl526_0
  - perl-lwp-mediatypes=6.04=pl526_0
  - perl-lwp-protocol-https=6.07=pl526_4
  - perl-mime-base64=3.15=pl526_1
  - perl-mozilla-ca=20180117=pl526_1
  - perl-net-http=6.19=pl526_0
  - perl-net-ssleay=1.88=pl526hb1dc21d_0
  - perl-ntlm=1.09=pl526_4
  - perl-parent=0.236=pl526_1
  - perl-regexp-common=2017060201=pl526_0
  - perl-socket=2.027=pl526_1
  - perl-sort-naturally=1.03=pl526_2
  - perl-statistics-r=0.34=pl526r351_3
  - perl-storable=3.15=pl526h1de35cc_0
  - perl-test-requiresinternet=0.05=pl526_0
  - perl-text-balanced=2.03=pl526_3
  - perl-text-wrap=2013.0523=pl526_1
  - perl-time-local=1.28=pl526_1
  - perl-try-tiny=0.30=pl526_1
  - perl-types-serialiser=1.0=pl526_2
  - perl-uri=1.76=pl526_0
  - perl-www-robotrules=6.02=pl526_3
  - perl-xsloader=0.24=pl526_0
  - pixman=0.34.0=h1de35cc_1003
  - r-base=3.5.1=he1ce5cd_1005
  - readline=7.0=hcfe32e1_1001
  - tapi=1000.10.8=h770b8ee_2
  - tk=8.6.9=h2573ce8_1003
  - tktable=2.10=hfa822fa_2
  - xz=5.2.4=h1de35cc_1001
  - zlib=1.2.11=h01d97ff_1006
  - zstd=1.4.0=ha9f0a20_0
prefix: //anaconda3/envs/GAAS

